2.05017
6.72025
3.07692
7.95632
4.94621
-0.270658
-0.526847
-2.40911
4.93878
5.47762
-1.67951
1.65447
4.37985
1.60358
3.32181
-0.705515
4.56317
-1.61969
7.98603
4.07733
-2.17972
4.33998
-2.53155
0.226907
2.92908
3.56744
4.66744
4.18114
-1.68174
2.58285
-0.0314115
6.34355
3.93527
0.667972
7.86726
4.48046
6.40443
4.63964
0.50495
2.80682
0.0865199
1.8516
2.81223
-1.83042
-2.91879
0.1719
4.9933
6.13859
-1.71702
5.22128
1.66937
-1.12701
7.70309
7.15644
6.15878
1.78233
-1.1227
7.02335
5.73376
7.22568
5.61564
-1.32746
-1.01267
5.15975
7.14582
4.8259
-1.20791
-1.09933
4.66591
4.07364
-2.18529
6.47461
1.71988
2.39514
2.49998
4.31319
3.24255
-1.77901
-0.255149
1.62629
0.122889
2.42199
5.92665
-0.698869
7.34818
3.06546
6.10116
5.76151
-1.59808
-0.785982
6.62035
-0.363185
-2.43802
1.43139
3.5221
7.57416
-1.76039
-1.13111
3.42425
-0.372361
